14.360977035812926,5,-19.639022964187074,34 
22.62305214823714,5,-19.639022964187074,34 
22.62305214823714,5,-11.37694785176286,34 
31.440094977909734,5,-11.37694785176286,34 
31.440094977909734,5,-2.559905022090266,34 
25.69102559743061,5,-2.559905022090266,34 
25.69102559743061,5,-8.30897440256939,34 
11.717780177879797,5,-8.30897440256939,34 
11.717780177879797,5,-22.282219822120204,34 
19.576770132124544,5,-17.413344852145087,34 
19.576770132124544,5,-14.423229867875456,34 
33.92137118502599,0.31389208880314806,-0.0786288149740102,34 
33.92137118502599,0.31389208880314806,-0.0786288149740102,34 
15.636403968217076,5,-18.363596031782926,34 
15.636403968217076,5,-18.363596031782926,34 
26.35400734490355,5,-7.64599265509645,34 
26.35400734490355,5,-7.64599265509645,34 
24.352904408308426,5,-10.03969997949698,34 
24.352904408308426,5,-9.647095591691574,34 
19.24231684075203,5,-14.757683159247971,34 
19.24231684075203,5,-14.757683159247971,34 
26.734627439422535,5,-14.757683159247971,34 
26.734627439422535,5,-7.265372560577465,34 
6.2640292813870015,5,-12.340341462754623,34 
6.2640292813870015,5,-27.735970718612997,34 
8.37060036668829,5,-25.62939963331171,34 
8.37060036668829,5,-25.62939963331171,34 
8.183065589492344,5,-25.816934410507656,34 
8.183065589492344,5,-25.816934410507656,34 
26.21844941492942,5,-7.78155058507058,34 
26.21844941492942,5,-7.78155058507058,34 
17.101940714663478,5,-16.898059285336522,34 
17.101940714663478,5,-16.898059285336522,34 
30.55348852602027,5,-3.4465114739797293,34 
30.55348852602027,5,-3.4465114739797293,34 
13.6444599874598,5,-20.3555400125402,34 
13.6444599874598,5,-20.3555400125402,34 
24.16472708554329,5,-9.83527291445671,34 
24.16472708554329,5,-9.83527291445671,34 
19.390676637357455,5,-14.609323362642545,34 
19.390676637357455,5,-14.609323362642545,34 
18.97422254579385,5,-15.02577745420615,34 
18.97422254579385,5,-15.02577745420615,34 
25.895261789248604,5,-8.104738210751396,34 
25.895261789248604,5,-8.104738210751396,34 
22.645211443419008,5,-11.354788556580992,34 
22.645211443419008,5,-11.354788556580992,34 
21.01412341649185,5,-12.985876583508151,34 
21.01412341649185,5,-12.985876583508151,34 
24.499399288858125,5,-9.500600711141875,34 
24.499399288858125,5,-9.500600711141875,34 
25.07754075612818,5,-8.92245924387182,34 
25.07754075612818,5,-8.92245924387182,34 
6.650916817826783,5,-27.349083182173217,34 
6.650916817826783,5,-27.349083182173217,34 
14.925007678196755,5,-19.074992321803244,34 
14.925007678196755,5,-19.074992321803244,34 
14.064883659551958,5,-19.93511634044804,34 
14.064883659551958,5,-19.93511634044804,34 
23.652060596982164,5,-10.347939403017836,34 
23.652060596982164,5,-10.347939403017836,34 
23.728656856215174,5,-10.271343143784826,34 
23.728656856215174,5,-10.271343143784826,34 
14.276103801725265,5,-19.723896198274737,34 
14.276103801725265,5,-19.723896198274737,34 
23.97347423931103,5,-10.026525760688969,34 
23.97347423931103,5,-10.026525760688969,34 
24.270333150108684,5,-9.729666849891316,34 
24.270333150108684,5,-9.729666849891316,34 
16.920963029353324,5,-17.079036970646676,34 
16.920963029353324,5,-17.079036970646676,34 
15.599136409009144,5,-18.400863590990856,34 
15.599136409009144,5,-18.400863590990856,34 
7.466138225776706,5,-26.533861774223293,34 
7.466138225776706,5,-26.533861774223293,34 
32.270025042407795,5,-1.729974957592205,34 
32.270025042407795,5,-1.729974957592205,34 
24.494698534970837,5,-9.505301465029163,34 
24.494698534970837,5,-9.505301465029163,34 
21.547474111791654,5,-12.452525888208346,34 
21.547474111791654,5,-12.452525888208346,34 
16.827028899483206,5,-17.172971100516794,34 
16.827028899483206,5,-17.172971100516794,34 
24.87029795240619,5,-9.12970204759381,34 
24.87029795240619,5,-9.12970204759381,34 
17.555508931718567,5,-16.444491068281433,34 
17.555508931718567,5,-16.444491068281433,34 
16.66957229447946,5,-17.33042770552054,34 
16.66957229447946,5,-17.33042770552054,34 
28.697486705481673,5,-5.302513294518327,34 
28.697486705481673,5,-5.302513294518327,34 
22.27325120804402,5,-11.72674879195598,34 
22.27325120804402,5,-11.72674879195598,34 
17.095039845151245,5,-16.904960154848755,34 
17.095039845151245,5,-16.904960154848755,34 
31.120620845425957,5,-2.8793791545740426,34 
31.120620845425957,5,-2.8793791545740426,34 
25.093234051824606,5,-8.906765948175394,34 
25.093234051824606,5,-8.906765948175394,34 
17.772430530328574,5,-16.227569469671426,34 
17.772430530328574,5,-16.227569469671426,34 
20.100941341821283,5,-13.899058658178717,34 
20.100941341821283,5,-13.899058658178717,34 
16.012058327364592,5,-17.987941672635408,34 
16.012058327364592,5,-17.987941672635408,34 
23.327350544605757,5,-10.672649455394243,34 
23.327350544605757,5,-10.672649455394243,34 
20.258516492637522,5,-13.741483507362478,34 
20.258516492637522,5,-13.741483507362478,34 
27.504718044609195,5,-6.495281955390805,34 
27.504718044609195,5,-6.495281955390805,34 
24.17170052125483,5,-9.82829947874517,34 
24.17170052125483,5,-9.82829947874517,34 
8.509500677186816,5,-25.490499322813186,34 
8.509500677186816,5,-25.490499322813186,34 
16.93457154421957,5,-17.06542845578043,34 
16.93457154421957,5,-17.06542845578043,34 
15.947550624274971,5,-18.05244937572503,34 
15.947550624274971,5,-18.05244937572503,34 
18.437642678665895,5,-15.562357321334105,34 
18.437642678665895,5,-15.562357321334105,34 
23.528566094451698,5,-10.471433905548302,34 
23.528566094451698,5,-10.471433905548302,34 
26.749404111684406,5,-7.250595888315594,34 
26.749404111684406,5,-7.250595888315594,34 
15.624313174159216,5,-18.375686825840784,34 
15.624313174159216,5,-18.375686825840784,34 
16.91035311231093,5,-17.08964688768907,34 
16.91035311231093,5,-17.08964688768907,34 
27.817912189240634,5,-6.182087810759366,34 
27.817912189240634,5,-6.182087810759366,34 
14.137423768649786,5,-19.862576231350214,34 
14.137423768649786,5,-19.862576231350214,34 
16.93292890617048,5,-17.06707109382952,34 
16.93292890617048,5,-17.06707109382952,34 
22.654336932398053,5,-11.345663067601947,34 
22.654336932398053,5,-11.345663067601947,34 
15.92490907208238,5,-18.07509092791762,34 
15.92490907208238,5,-18.07509092791762,34 
25.196260820537645,5,-8.803739179462355,34 
25.196260820537645,5,-8.803739179462355,34 
19.64151828749824,5,-14.35848171250176,34 
19.64151828749824,5,-14.35848171250176,34 
